100 1000 10000
706
134
313
259
221
199
453
630
462
519
386
145
723
441
239
248
89
476
77
315
472
363
496
307
349
465
171
146
176
674
74
139
209
162
359
237
614
42
698
186
257
65
131
133
208
661
513
737
366
38
322
691
344
500
379
514
475
384
240
549
522
278
540
710
207
581
434
222
668
328
182
418
461
389
301
681
732
90
99
769
241
13
335
571
391
678
268
604
140
646
178
417
409
110
760
445
521
246
666
573
999 980
999 926
999 901
999 895
999 881
999 827
999 823
999 820
999 820
999 810
999 802
998 891
998 860
998 781
997 966
997 938
997 864
997 799
997 778
99 753
996 876
996 854
996 808
996 808
99 652
99 649
99 639
99 628
99 602
995 915
995 913
995 912
995 837
995 794
995 792
995 784
99 555
99 499
994 881
994 853
994 816
99 477
99 424
993 997
993 979
993 977
993 964
993 885
993 819
993 780
99 357
99 314
99 304
99 29
992 866
992 827
992 788
992 786
99 203
991 943
99 192
991 916
991 876
991 870
991 827
990 978
990 843
990 835
990 822
98 99
989 821
989 817
989 785
988 870
987 968
987 913
987 831
98 78
98 766
986 958
986 873
98 687
986 862
986 840
986 805
98 649
98 608
98 60
985 974
985 945
985 933
985 916
985 916
985 826
98 561
98 538
98 531
984 852
984 851
984 841
984 806
984 781
98 475
98 445
983 996
983 962
98 393
983 889
982 985
982 976
982 970
982 890
982 861
982 831
982 779
98 246
98 216
981 944
981 887
981 855
981 793
98 11
980 989
980 964
980 856
980 833
979 985
979 918
979 869
979 814
979 803
978 893
977 858
977 845
977 841
97 771
97 757
97 713
975 998
975 972
975 952
97 589
975 870
97 53
974 997
974 975
974 939
974 937
974 846
974 814
974 779
973 985
973 978
973 958
973 851
973 825
97 378
97 376
972 990
972 953
972 944
972 836
971 999
971 996
971 982
971 965
971 898
971 892
970 958
970 916
970 910
970 899
970 818
969 932
969 876
969 845
968 992
968 990
968 910
968 868
968 822
968 801
967 965
967 920
967 842
96 760
966 990
966 980
96 694
966 933
966 920
966 917
966 910
966 813
966 805
96 618
965 998
96 59
965 843
965 1000
964 987
964 868
964 868
964 853
964 816
964 802
96 465
96 459
96 413
963 971
963 943
963 925
963 891
963 887
96 363
962 994
962 973
962 946
962 945
962 925
96 261
96 213
961 917
961 900
961 831
96 17
960 978
960 940
960 921
960 914
960 878
960 843
959 978
959 973
959 926
959 920
959 780
958 994
958 968
958 902
95 89
958 831
957 979
957 978
957 948
95 751
95 734
956 957
956 938
956 938
956 927
956 921
956 874
95 642
95 605
955 942
955 940
955 918
955 831
95 501
954 958
954 924
954 883
954 843
954 824
954 806
95 466
95 411
95 386
953 859
95 354
95 335
952 995
952 938
952 882
95 228
95 202
951 967
951 937
951 912
951 848
951 818
95 173
950 991
9 509
950 891
950 814
950 783
949 987
949 924
949 921
949 848
94 91
948 999
948 925
948 877
948 874
948 845
948 844
9 486
947 807
947 790
94 761
9 473
946 871
946 861
946 837
94 67
94 659
945 970
945 946
945 925
945 886
945 848
945 811
9 454
944 914
944 809
94 427
943 998
943 958
943 934
943 896
943 809
942 993
942 956
942 875
942 856
942 854
94 201
941 902
941 900
941 837
941 799
940 957
940 941
940 941
940 835
940 803
939 958
939 951
939 922
939 865
939 861
939 836
939 822
938 976
938 963
938 921
938 875
938 874
938 822
937 980
937 902
937 876
93 730
93 722
936 969
936 896
93 681
93 663
935 984
935 897
935 853
93 549
93 548
934 978
934 959
934 880
934 867
934 799
934 796
93 428
933 868
933 866
93 330
932 965
932 872
93 226
93 218
9 320
931 916
930 984
930 941
930 911
930 847
930 809
9 306
929 982
929 970
929 940
929 858
929 841
92 93
928 988
928 954
928 931
928 927
928 927
928 898
928 881
928 880
928 859
928 850
927 803
92 728
92 711
92 700
926 987
926 911
926 854
92 681
926 807
92 608
925 986
925 895
925 875
925 852
925 833
925 816
925 795
925 789
92 545
92 511
924 963
924 926
924 891
924 820
924 801
924 787
92 461
92 436
92 424
92 407
923 979
923 969
923 962
923 807
923 796
923 791
922 976
922 968
922 962
922 959
922 954
922 940
922 931
922 863
922 857
922 779
92 231
921 980
921 975
921 942
921 915
921 891
921 862
92 15
92 121
920 894
920 890
920 821
920 797
920 788
919 978
919 943
919 921
919 864
919 848
919 841
918 884
918 800
91 88
917 992
917 881
917 853
917 812
917 787
91 731
91 73
91 726
916 979
916 914
916 901
9 164
91 6
915 960
915 830
915 805
91 519
91 51
914 895
914 891
914 884
914 848
91 454
913 825
91 30
912 994
912 940
912 918
912 917
912 874
912 799
91 278
91 229
91 226
91 123
910 991
910 966
910 896
910 806
909 953
909 834
909 778
908 979
908 916
908 824
907 938
907 840
90 75
906 999
906 866
906 816
906 812
90 658
90 601
905 961
905 958
905 898
905 852
90 544
90 54
90 54
904 979
904 938
904 927
90 46
90 440
90 434
90 425
90 401
903 945
903 926
90 386
903 839
903 804
903 791
903 785
903 784
90 351
902 980
902 949
902 939
902 928
902 924
902 820
902 805
90 235
90 200
90 197
90 194
901 916
901 915
901 794
900 978
900 885
900 865
900 826
900 824
899 882
899 877
89 97
898 999
898 893
898 883
898 877
898 860
898 853
898 806
8 98
897 930
897 894
897 859
897 846
896 900
896 893
896 876
896 846
896 832
895 984
895 962
895 944
895 892
895 892
895 889
895 876
89 566
89 522
894 932
894 919
894 812
893 932
893 887
893 858
893 840
893 828
89 304
892 990
892 943
892 925
892 840
892 778
89 198
891 858
891 833
891 831
891 801
891 780
89 166
89 143
89 101
890 984
890 982
890 964
890 948
890 929
890 918
890 781
889 965
889 956
889 945
889 930
889 918
889 915
889 913
889 876
889 870
889 854
889 797
888 931
888 920
888 900
888 871
888 795
887 998
887 898
887 840
886 972
886 952
886 951
886 927
886 906
886 874
886 828
886 823
88 66
885 950
885 845
885 814
88 562
88 517
884 963
884 908
884 887
884 881
884 871
884 870
88 447
88 41
883 929
883 921
883 904
883 881
882 950
882 935
88 293
882 799
882 794
882 790
882 787
88 267
881 961
881 951
881 944
881 935
881 886
881 865
881 834
881 789
880 997
880 850
880 832
879 997
879 949
879 873
879 824
879 818
879 792
878 904
878 858
878 858
877 982
877 956
877 950
877 853
8 772
876 982
876 963
876 947
876 891
876 832
876 830
87 669
87 632
875 872
875 861
875 797
874 876
87 463
87 458
8 740
873 987
873 933
873 870
873 830
87 351
87 332
872 796
872 785
87 273
87 23
87 216
871 994
871 988
871 892
871 880
871 792
87 164
870 972
870 918
870 837
870 808
870 781
869 971
869 890
869 862
868 971
868 952
868 907
868 860
868 783
867 982
867 961
867 917
867 845
867 807
867 803
86 736
86 699
86 662
86 610
86 609
865 922
865 900
865 819
865 815
865 803
865 791
86 556
86 521
86 513
864 995
864 965
864 853
864 826
864 800
8 64
863 987
863 952
863 940
863 904
863 847
86 369
862 907
86 290
862 806
862 799
862 798
86 257
86 240
861 931
86 154
86 117
860 810
859 990
859 987
859 957
859 881
859 815
859 811
859 805
858 986
858 986
858 978
856 971
856 969
85 694
85 690
85 67
85 604
855 965
855 964
855 954
85 592
855 900
855 865
855 796
85 502
85 50
854 825
854 814
854 801
85 467
85 461
85 434
85 414
853 999
853 951
853 852
853 808
853 803
853 802
852 939
852 833
852 791
851 944
851 891
85 187
851 837
850 955
850 934
850 930
849 983
849 965
849 959
849 789
848 989
848 971
848 896
848 851
847 956
847 940
847 917
847 848
847 830
847 820
8 473
846 997
846 956
846 926
846 909
846 908
846 874
846 828
846 806
846 803
845 960
845 925
84 592
845 869
845 843
845 840
84 582
845 813
84 55
844 977
844 943
844 905
844 884
844 843
844 791
844 783
84 430
843 989
843 969
843 895
843 876
843 866
84 386
843 836
84 348
84 343
842 983
842 982
842 977
842 948
842 822
84 268
84 247
84 225
841 982
841 981
841 976
841 923
84 143
84 133
840 965
839 973
839 956
839 941
839 924
839 923
839 865
839 822
83 98
839 791
839 778
839 1000
838 948
838 907
838 890
838 853
838 803
837 904
837 897
837 887
837 826
83 702
836 980
836 967
83 689
836 849
836 834
836 821
836 802
835 960
835 949
835 938
835 914
835 869
83 538
83 502
834 970
834 935
834 929
834 920
834 833
834 807
83 427
83 415
833 988
833 892
833 888
833 836
833 779
83 356
83 346
83 341
83 318
832 984
832 978
832 974
832 954
832 785
832 785
83 229
83 199
831 886
831 828
831 828
831 801
8 318
831 793
83 154
831 1000
830 962
830 889
830 840
830 828
830 787
829 973
829 972
829 953
829 939
829 897
829 881
829 857
829 840
829 796
8 297
828 865
827 914
827 871
827 818
827 801
827 778
82 71
826 931
826 885
826 850
826 834
826 832
82 626
82 603
825 987
825 910
8 259
825 811
825 810
825 806
82 543
824 977
824 902
824 885
824 879
824 845
824 803
82 449
823 857
823 849
82 380
823 788
823 784
82 332
822 956
822 952
82 288
822 873
822 871
82 283
82 219
821 984
821 915
82 189
821 885
821 839
821 793
821 786
82 117
820 961
820 933
820 885
820 867
820 783
819 985
819 852
819 848
819 847
819 825
819 800
818 943
818 914
818 866
818 847
817 922
817 860
817 809
81 737
816 977
816 883
816 842
816 830
81 681
816 795
816 784
81 650
81 625
81 622
81 602
815 953
815 877
815 807
81 527
81 512
814 936
814 922
814 870
81 485
814 840
81 457
813 918
813 859
813 795
81 339
81 303
812 935
812 846
812 834
812 804
81 2
810 865
810 856
809 881
809 808
809 799
809 787
808 954
808 847
808 836
808 801
807 956
807 951
807 925
807 800
807 795
807 1000
806 985
806 967
806 865
806 835
805 984
805 961
805 921
805 915
805 913
805 837
80 529
80 516
804 996
804 972
804 933
804 924
804 922
804 888
80 423
80 406
803 980
803 970
803 962
803 947
803 858
803 853
802 914
802 875
802 812
802 797
80 221
80 215
801 818
801 809
801 799
80 106
800 941
800 900
800 874
800 873
799 979
799 935
799 930
799 927
799 925
798 916
798 909
798 826
797 993
797 961
797 866
797 855
797 808
797 780
79 689
796 858
796 855
79 685
796 841
796 798
79 677
79 615
795 870
795 862
795 830
795 826
794 984
794 946
794 945
794 935
794 858
79 417
79 411
793 985
793 958
793 939
793 856
79 299
792 983
792 965
792 861
792 839
792 839
79 267
79 247
791 995
791 951
791 837
791 809
79 153
79 121
790 985
790 982
790 942
790 851
790 850
790 849
790 806
790 805
789 939
789 806
788 910
788 899
788 869
788 835
788 804
787 953
787 906
787 884
787 811
787 801
787 778
78 743
786 817
786 790
78 626
785 994
785 913
785 786
78 571
78 555
78 520
784 970
784 922
784 922
784 894
78 487
784 849
78 482
784 795
784 779
78 420
78 41
783 877
78 342
78 340
782 992
782 984
782 943
782 938
782 932
782 921
782 848
782 790
78 231
781 965
781 938
78 188
78 187
781 820
781 800
781 784
78 145
78 13
78 122
780 995
780 960
780 913
780 865
779 918
779 878
778 957
778 920
778 909
778 906
778 847
77 84
777 764
777 726
777 645
777 610
777 609
777 54
777 48
777 431
777 394
777 347
777 300
777 294
777 285
777 265
777 159
777 155
777 121
777 111
77 71
776 97
77 688
77 682
776 731
776 700
776 639
776 602
776 586
776 532
776 465
776 387
776 33
776 267
776 231
776 187
775 736
775 703
775 638
775 637
775 635
775 625
77 550
775 442
775 367
775 341
775 34
775 303
775 303
775 277
775 184
775 165
775 114
775 111
774 765
774 740
774 717
774 671
774 655
77 452
774 484
77 447
774 463
77 445
774 393
774 386
774 272
774 144
774 144
774 105
77 4
773 694
773 660
773 629
773 595
773 550
773 515
773 508
773 363
773 325
773 318
77 325
773 131
773 124
77 306
77 30
772 94
772 77
772 722
772 695
772 681
772 657
772 635
772 616
772 579
772 572
772 565
772 524
772 453
772 292
77 219
772 176
772 169
771 754
771 646
77 142
771 282
771 265
771 172
771 156
7 709
770 628
770 604
770 538
770 455
770 318
770 212
770 203
769 746
769 707
769 617
769 568
769 538
769 486
769 316
769 312
769 277
769 249
769 235
769 219
769 189
769 108
768 676
768 498
768 46
768 442
768 442
768 262
768 250
767 763
767 749
767 699
767 679
767 656
767 650
767 65
767 642
767 609
767 587
767 55
767 44
767 387
767 324
767 170
767 120
766 99
766 549
766 494
766 441
766 436
766 378
766 364
766 262
766 257
766 234
766 225
76 619
765 81
76 571
765 388
765 384
765 347
76 52
765 183
765 145
7 649
764 77
764 653
764 536
764 519
76 450
764 349
764 341
76 434
764 308
764 305
764 262
763 86
763 740
763 679
763 59
763 550
763 457
763 410
763 404
76 339
763 389
763 327
763 231
763 205
763 187
763 132
76 307
76 3
762 95
762 721
762 710
762 685
762 625
762 574
762 511
762 510
762 416
76 24
762 392
762 389
762 388
762 385
762 279
762 273
762 267
76 221
76 221
762 181
762 172
76 183
76 174
761 641
761 509
761 42
761 343
761 314
76 127
761 191
761 130
761 114
761 108
760 729
760 684
760 512
760 303
760 251
760 153
760 117
760 100
759 92
759 725
759 64
759 514
759 472
759 400
759 379
759 354
759 349
759 295
759 293
759 279
759 235
759 233
759 213
759 124
758 85
758 725
758 548
758 537
758 504
758 50
758 437
758 319
758 316
758 134
758 105
7 580
757 734
757 577
757 544
757 364
757 243
757 234
757 206
757 14
757 102
756 763
756 744
756 718
756 716
756 665
75 661
756 553
756 412
756 384
756 384
756 343
756 34
756 203
75 609
755 97
755 94
755 90
755 749
755 662
755 607
755 539
755 510
755 436
755 396
75 522
755 158
755 146
755 109
754 456
754 176
754 174
754 134
754 121
75 406
75 4
753 83
753 731
753 708
753 664
753 624
753 620
753 612
75 361
75 348
753 400
753 334
753 323
753 297
753 213
753 133
752 77
752 695
75 265
752 625
752 587
752 58
752 573
752 426
752 404
752 320
75 228
752 179
751 769
751 765
751 731
751 701
751 6
751 591
751 461
751 436
751 305
751 303
751 249
751 228
751 2
751 2
751 198
751 175
75 112
750 737
750 682
750 360
750 293
750 244
750 179
750 167
749 756
749 693
749 683
749 639
749 560
749 490
749 437
749 391
749 265
7 489
748 89
748 759
748 751
748 687
748 684
748 674
748 634
748 492
748 472
748 430
748 427
748 306
748 28
748 258
748 243
748 148
748 124
748 111
747 81
747 677
747 627
747 555
747 534
747 509
747 470
747 329
747 310
747 294
747 149
747 122
746 93
746 745
746 518
746 48
746 364
746 28
74 624
746 236
746 228
746 207
746 125
74 587
745 84
745 80
745 717
745 619
745 602
745 6
745 524
745 499
745 282
745 230
745 23
745 204
74 480
744 759
744 730
744 713
744 711
744 624
744 55
744 489
744 428
744 408
744 4
744 392
744 313
74 404
743 588
743 569
743 54
743 429
743 42
743 368
743 360
743 257
743 25
743 200
74 309
742 89
742 661
742 514
742 494
742 436
74 239
742 351
742 292
742 263
742 195
74 215
7 419
741 775
741 649
74 160
741 450
741 36
74 129
741 268
741 236
741 145
741 100
740 775
740 722
740 712
740 584
740 583
740 402
740 386
740 113
739 772
739 766
739 729
739 655
739 626
739 241
739 23
73 89
738 754
738 739
738 694
738 65
738 547
738 530
738 31
738 289
738 271
738 20
738 197
738 134
738 118
737 777
737 44
737 415
737 370
737 364
73 736
737 276
737 261
737 243
737 110
73 70
736 54
736 481
736 388
736 347
736 344
736 28
736 215
736 188
73 589
735 77
735 705
735 680
735 677
735 675
735 662
735 597
735 592
735 581
735 581
735 539
735 50
735 410
735 404
735 279
735 278
735 218
735 175
73 492
734 76
734 722
73 466
734 564
734 533
734 507
734 361
734 358
734 300
734 278
734 138
73 413
733 690
733 684
733 67
733 636
733 6
733 574
733 440
733 416
733 415
73 337
733 300
733 147
73 313
7 33
732 750
732 684
732 670
732 669
732 614
732 598
732 534
732 523
732 359
732 301
732 28
732 273
732 224
732 221
732 164
73 216
73 191
731 777
731 77
731 755
73 169
731 495
731 337
731 287
731 12
73 104
730 89
730 759
730 758
730 751
730 716
730 553
730 405
730 355
730 352
730 189
730 161
730 158
729 720
729 457
729 447
729 260
729 238
728 91
728 771
728 693
728 656
728 621
728 62
728 604
728 47
728 357
728 286
728 249
728 239
728 231
728 191
728 144
727 771
72 771
727 630
727 629
727 556
727 500
727 46
727 231
727 132
726 8
726 747
726 686
726 669
726 662
726 535
726 51
72 650
726 420
726 330
726 300
726 287
726 28
725 83
725 703
725 663
725 579
72 555
72 548
725 416
725 406
725 338
72 525
725 221
725 2
725 178
725 164
725 137
725 106
725 102
72 497
724 748
72 468
724 591
72 458
724 576
724 567
724 555
724 504
724 501
724 461
724 448
724 427
724 389
724 311
724 194
724 139
72 373
723 717
723 707
7 236
723 592
723 588
723 543
723 513
723 473
723 313
723 284
723 278
723 175
723 113
722 72
722 701
722 579
722 563
72 247
722 435
722 425
722 322
722 294
722 237
72 216
722 129
72 198
721 81
721 740
721 708
721 57
721 54
721 487
721 477
721 447
721 327
721 284
721 21
721 194
72 118
720 708
720 691
720 616
720 597
720 588
720 524
720 454
720 449
720 424
720 35
720 301
720 228
720 228
720 197
719 717
719 593
719 506
719 42
719 386
719 367
719 330
719 324
719 230
719 224
719 162
719 159
719 143
718 764
718 761
718 701
718 699
718 661
718 634
718 527
718 480
718 47
718 441
71 84
718 335
718 309
718 274
718 243
718 111
718 100
717 612
717 573
717 482
717 405
717 303
71 702
71 684
716 739
716 674
716 66
71 664
716 627
716 604
716 517
716 512
716 43
716 309
71 629
716 228
716 2
716 150
716 10
71 607
715 97
715 758
715 690
715 565
715 556
715 53
715 467
715 401
715 29
715 289
715 26
715 222
715 194
715 175
715 118
7 149
714 766
714 665
714 642
714 632
714 572
714 503
714 351
714 26
71 395
713 94
713 729
713 721
713 559
713 481
71 344
71 34
71 332
713 258
713 202
713 155
713 119
712 86
712 769
712 762
712 744
712 729
712 668
712 652
71 265
712 641
712 623
712 6
712 518
712 464
712 438
712 433
712 420
712 414
712 409
712 381
712 35
71 225
712 126
712 102
71 175
711 714
711 684
711 604
711 580
71 158
711 545
71 146
711 433
711 369
711 358
71 131
711 193
711 133
711 126
71 106
710 98
710 89
710 86
710 84
710 559
710 530
710 41
710 392
710 36
710 19
710 187
710 172
710 135
709 77
709 754
709 67
709 522
70 95
709 484
709 430
709 282
709 158
709 145
709 119
709 107
708 91
708 653
708 529
708 518
708 5
708 469
708 386
708 365
708 277
708 254
708 203
708 200
708 186
708 117
707 762
707 725
707 722
707 679
707 563
707 553
707 475
707 329
707 185
706 87
706 760
706 65
706 601
70 660
706 584
706 474
706 466
706 457
706 403
706 389
706 186
70 568
705 573
705 567
705 418
705 396
705 370
705 3
705 3
705 293
705 197
70 519
705 149
705 138
705 105
704 9
704 766
704 761
704 688
704 657
704 613
70 451
704 490
70 448
704 414
704 395
704 366
704 329
704 296
704 166
704 113
703 682
703 597
703 426
703 271
703 245
703 240
703 202
703 2
703 155
703 102
70 294
702 630
702 593
702 526
702 511
702 494
702 456
702 409
702 399
702 384
702 365
702 306
702 270
702 252
701 92
701 644
70 164
70 159
701 575
701 559
701 508
701 425
701 42
701 248
700 674
700 628
700 605
700 576
700 476
700 343
700 230
700 141
700 138
699 777
699 661
699 65
699 632
699 583
699 518
699 350
699 271
698 549
698 451
698 445
698 352
698 309
698 15
697 618
697 533
697 532
697 457
697 439
697 404
697 100
69 694
696 73
696 618
696 612
696 6
696 578
696 475
696 456
696 359
696 323
696 308
696 257
696 207
696 17
695 739
695 671
695 580
695 426
695 385
695 362
69 535
695 193
695 143
695 113
694 567
694 528
694 498
694 469
694 462
694 450
694 440
694 422
694 403
694 397
694 392
694 372
694 344
694 335
694 322
69 432
694 29
694 263
69 426
694 252
694 151
69 406
69 403
693 82
693 751
693 731
693 714
693 682
693 552
693 519
69 342
693 272
69 318
693 177
693 154
693 131
693 126
692 583
692 543
692 518
692 503
692 491
692 413
69 238
692 324
69 231
692 229
692 196
692 128
691 92
69 192
691 752
691 728
691 68
691 561
691 514
691 49
691 475
691 467
691 454
691 443
69 14
69 104
69 102
690 602
690 582
690 580
690 482
690 475
690 466
690 393
690 383
690 370
690 37
690 335
690 291
690 266
690 25
690 16
689 526
689 481
689 466
689 438
689 421
689 420
689 395
689 347
689 339
689 32
689 297
689 199
689 179
689 141
688 9
688 756
688 733
688 686
688 666
688 60
688 565
688 548
688 525
688 49
688 413
688 213
688 118
687 84
687 82
687 765
687 718
687 654
687 595
687 58
687 57
687 504
687 481
68 743
68 742
687 405
687 313
687 243
687 232
68 699
686 755
686 722
68 668
686 61
68 652
68 65
686 420
686 412
686 356
68 627
686 263
686 201
685 771
685 70
685 580
685 556
685 488
685 363
685 213
685 179
685 153
685 134
685 1
68 509
684 83
684 668
68 463
684 542
684 411
684 407
684 40
684 385
684 375
684 349
684 339
684 32
684 307
68 427
684 26
684 213
684 123
68 396
683 630
683 568
68 348
683 428
68 341
683 3
68 322
683 194
683 182
683 145
683 126
68 295
682 743
682 712
682 637
682 599
682 481
682 42
682 406
682 336
682 268
682 170
682 146
681 97
681 657
681 548
68 152
681 447
681 433
681 346
681 342
681 297
681 291
681 286
681 111
680 701
680 639
680 597
680 557
680 54
680 398
680 280
680 241
680 22
680 15
680 138
679 744
679 709
679 7
679 646
679 52
679 485
679 479
679 382
679 352
679 329
679 154
679 121
678 686
678 662
678 619
678 60
678 554
678 301
678 164
678 157
678 155
677 97
677 745
677 71
6 777
677 691
677 658
677 613
677 509
677 377
677 329
677 253
677 234
677 215
677 15
676 764
676 748
676 698
676 631
67 66
676 555
676 461
676 429
676 421
676 307
676 277
676 266
676 213
676 135
675 613
675 581
675 539
67 543
675 328
675 262
67 516
67 485
674 84
674 739
674 722
67 470
67 468
674 664
674 572
674 310
674 299
674 20
674 168
674 143
67 413
673 97
67 397
673 771
673 761
673 548
673 46
673 429
673 31
673 26
673 16
67 282
672 761
672 685
672 655
672 636
672 63
672 607
672 536
672 457
672 401
67 240
672 315
67 224
672 180
672 168
67 199
671 766
671 75
671 745
671 634
671 634
671 554
671 524
671 403
671 281
671 276
67 110
670 774
670 748
670 744
670 665
670 648
670 647
670 629
670 54
670 367
670 353
670 316
670 286
669 716
669 709
669 680
669 620
669 566
669 391
669 253
669 121
669 121
668 760
668 725
668 695
668 672
668 581
668 57
668 528
668 518
668 499
668 250
668 23
668 2
668 143
668 106
667 645
667 582
66 751
667 471
667 371
667 371
66 736
66 733
667 309
667 25
667 187
667 184
667 17
667 165
667 153
667 125
667 123
667 100
666 8
666 752
666 752
666 689
666 462
666 35
666 317
6 663
666 227
666 148
666 112
665 761
665 701
66 563
665 511
665 47
665 404
665 35
665 310
665 233
665 225
665 163
66 46
664 451
664 397
664 343
664 308
664 307
664 281
664 178
663 89
66 385
663 758
663 754
663 699
663 692
663 68
663 628
663 616
663 602
663 487
66 346
663 331
663 248
663 190
663 106
662 72
662 606
662 492
66 249
662 393
662 367
662 191
662 117
66 193
661 719
661 670
661 533
661 492
661 488
661 474
661 368
661 334
661 216
661 192
661 183
660 89
660 732
660 670
660 64
660 608
660 52
660 436
660 41
660 373
660 265
660 218
660 204
660 154
660 120
659 697
659 633
659 51
659 422
659 417
659 386
659 29
659 258
659 21
659 124
659 114
658 717
658 66
658 568
658 547
658 524
658 487
658 41
658 221
658 204
658 162
658 142
658 132
657 92
657 63
657 570
657 561
657 558
657 516
657 340
657 317
657 316
657 204
656 94
6 569
656 773
656 694
656 659
656 650
656 617
656 524
656 449
656 416
656 284
656 214
656 116
655 79
655 749
655 713
65 567
655 597
655 549
655 447
655 398
655 286
655 24
655 131
654 725
654 649
654 578
654 547
654 540
654 419
654 404
654 392
654 385
654 183
654 161
654 144
65 41
6 541
653 8
653 732
653 608
653 476
653 472
653 360
653 235
653 128
652 672
652 624
65 261
652 516
652 49
652 471
652 389
652 334
652 312
652 211
652 144
65 213
652 104
651 751
651 723
65 171
651 668
651 629
651 503
65 145
651 406
651 322
651 300
651 296
651 15
650 649
650 509
650 469
650 443
650 391
650 369
650 354
650 288
650 158
650 133
649 777
649 759
649 752
649 730
649 60
649 598
649 513
649 369
649 268
649 161
648 96
648 86
648 747
648 738
648 695
648 670
648 623
648 608
648 60
6 486
648 541
648 443
648 438
648 417
64 84
648 272
648 196
64 81
647 87
647 731
647 725
647 685
647 653
647 536
647 533
647 511
64 73
647 218
647 204
647 198
647 181
646 85
646 749
646 745
646 655
646 584
646 524
646 38
646 369
646 335
646 310
64 631
646 240
64 604
645 82
6 458
645 739
645 728
645 556
645 422
645 392
64 535
645 333
645 300
645 264
645 14
645 110
645 108
6 451
6 45
6 449
6 448
644 641
644 634
644 457
644 421
644 280
644 253
644 184
644 117
644 101
643 765
643 676
64 367
643 609
643 561
64 349
643 465
643 252
643 242
643 220
643 168
643 120
64 292
642 743
642 634
642 466
642 427
642 30
642 234
642 194
642 117
641 98
641 777
641 741
641 719
64 165
641 530
641 49
641 345
641 333
641 304
641 287
641 111
641 1
640 87
640 645
640 500
640 451
640 41
639 776
639 742
639 725
639 70
639 67
639 622
639 590
639 543
639 524
639 253
639 245
639 207
639 168
639 15
639 130
638 84
638 744
638 723
638 694
638 678
638 639
638 587
638 484
638 43
638 416
638 4
638 392
638 33
638 219
638 214
638 194
638 167
6 377
63 752
637 402
637 336
637 336
637 330
637 294
637 255
637 160
636 773
636 715
636 65
636 372
636 342
636 284
636 28
636 194
636 163
635 726
635 724
635 70
635 68
635 65
635 648
635 538
635 469
635 418
635 415
635 407
635 402
635 253
635 190
635 142
63 512
635 1
63 504
63 485
634 759
634 71
634 69
634 663
634 646
634 601
63 456
634 419
634 404
634 287
63 382
633 743
633 673
633 620
633 603
633 460
633 46
633 389
633 330
633 326
63 330
633 256
633 199
633 145
633 105
633 103
632 9
632 691
632 68
63 266
632 507
632 454
632 431
632 40
632 360
632 355
632 304
632 175
632 167
631 91
63 189
631 748
631 72
631 630
631 63
631 594
631 590
631 58
631 490
631 441
631 379
63 137
631 362
631 343
631 335
631 315
631 27
631 214
631 2
631 168
631 137
631 110
630 91
630 88
630 751
630 515
630 25
630 155
629 711
629 702
629 680
629 637
629 474
629 466
629 449
629 406
629 382
629 285
629 274
629 152
628 81
628 739
628 556
628 530
628 358
62 83
628 294
628 23
628 159
628 143
627 736
627 636
627 513
627 49
627 401
627 302
627 30
62 720
62 708
626 710
62 668
626 640
626 522
62 648
626 397
626 290
626 256
626 250
62 616
626 141
626 139
625 88
625 770
625 77
625 60
625 60
625 595
62 554
625 49
625 485
625 456
625 443
625 409
625 396
62 521
625 208
62 52
62 518
625 15
62 478
624 765
624 739
624 72
624 676
624 651
624 538
624 528
624 434
624 399
624 391
624 253
624 213
624 168
624 145
623 8
623 772
623 662
623 653
62 359
623 586
623 575
623 559
623 457
623 439
623 409
623 380
623 367
623 301
623 215
623 143
622 741
622 602
622 573
622 558
622 370
622 283
622 219
62 211
62 187
621 686
621 646
621 617
621 563
62 151
621 459
621 446
621 444
621 390
621 151
621 125
620 83
620 68
620 634
620 536
620 517
620 375
620 350
620 313
620 291
620 22
620 131
619 75
619 686
619 681
619 665
619 633
619 598
619 553
619 350
618 734
618 72
618 718
618 689
618 683
618 667
618 62
618 549
618 454
618 443
618 4
618 394
618 378
618 353
618 343
618 188
618 118
617 716
617 692
617 640
617 383
617 299
617 248
617 2
616 81
616 723
616 655
616 650
616 534
616 445
616 429
616 428
616 382
61 638
616 364
61 634
616 299
616 275
616 231
616 182
616 139
61 562
615 582
615 553
615 490
615 471
61 543
615 237
615 220
615 175
615 167
615 162
615 104
615 102
614 9
614 81
614 709
614 684
614 468
614 441
614 432
614 416
614 251
6 142
614 177
61 400
613 709
613 678
613 676
613 591
613 574
61 357
613 49
613 439
613 269
613 219
613 180
612 771
612 762
612 733
612 692
612 660
612 643
612 620
612 565
612 453
612 452
612 444
612 438
612 424
612 338
612 257
612 217
612 217
612 196
61 213
612 108
6 121
611 93
611 90
611 82
6 116
611 577
611 490
611 404
611 377
611 354
611 331
611 330
611 171
611 168
610 94
610 750
610 735
610 565
610 531
610 46
610 39
610 226
609 746
609 588
609 517
609 508
609 504
609 460
609 34
60 93
609 297
609 174
609 151
608 764
608 764
608 699
608 654
608 575
608 505
608 436
608 4
608 396
608 33
608 285
608 225
608 169
607 775
60 771
607 645
607 643
607 516
607 423
607 374
607 364
607 356
607 343
607 289
607 244
607 156
607 107
606 96
606 765
606 737
606 647
606 637
606 578
60 653
606 494
606 481
606 48
606 468
606 241
606 123
606 117
605 78
605 759
605 743
605 725
605 713
605 710
60 567
60 563
60 562
605 532
605 505
605 488
605 392
605 133
60 501
60 500
604 771
604 74
604 719
604 67
604 553
604 545
604 531
604 422
60 440
604 275
60 424
604 207
604 138
60 399
603 93
603 690
603 687
603 682
603 646
603 628
603 497
603 429
603 356
603 290
603 281
603 163
603 156
603 125
60 283
602 8
602 777
602 719
60 268
602 595
602 47
602 468
602 431
602 379
602 313
601 83
601 776
601 711
601 688
601 531
601 515
601 498
601 491
601 481
601 417
60 141
601 407
601 33
601 299
601 278
60 126
60 123
601 131
60 113
60 110
600 775
600 668
600 480
600 437
600 425
600 36
600 273
600 247
599 9
599 722
599 609
599 601
599 575
599 574
599 475
599 446
599 359
599 347
599 329
599 208
599 183
599 12
59 91
598 776
598 591
598 543
598 320
598 297
598 252
598 221
598 179
598 157
598 154
598 123
597 94
597 761
597 675
59 763
597 556
597 372
59 735
597 329
597 268
597 241
597 114
596 99
596 723
596 609
596 580
596 58
596 554
596 469
596 46
596 418
596 346
596 326
596 325
59 63
596 222
596 210
596 146
595 745
59 574
595 665
595 630
595 60
595 556
595 538
595 522
595 466
59 538
595 310
595 192
595 166
595 132
594 758
594 661
594 660
594 651
594 633
594 603
594 395
594 330
594 293
59 413
59 407
593 90
593 694
593 681
593 640
593 565
593 560
59 351
593 5
593 317
593 276
593 211
59 319
593 188
59 314
59 300
5 93
592 668
592 65
592 633
592 625
592 520
592 477
592 439
592 42
592 263
592 207
592 166
592 126
591 99
59 187
59 178
591 761
591 73
591 683
591 678
591 675
59 166
591 585
591 575
591 555
591 526
591 48
59 148
591 376
591 320
591 283
591 278
591 256
591 253
591 230
59 122
591 201
591 142
590 749
590 722
590 58
590 536
590 509
590 466
590 454
590 362
590 25
590 239
590 228
590 223
590 212
590 185
590 14
590 139
590 100
589 763
589 726
589 558
589 509
589 488
589 450
589 283
589 187
589 153
589 141
589 138
589 11
588 96
588 728
588 453
588 444
588 434
588 349
588 31
588 29
588 26
588 243
588 198
588 180
588 154
588 14
588 123
587 725
587 69
587 629
58 759
587 414
587 296
587 194
587 192
587 167
587 124
586 756
586 69
58 667
586 511
586 486
586 392
586 380
586 284
586 268
586 251
586 179
586 101
58 61
585 770
585 727
585 713
58 566
585 521
585 49
585 461
585 325
585 308
585 297
585 223
585 217
584 767
584 735
584 694
584 692
584 598
584 597
584 561
584 484
584 323
584 212
584 118
584 102
58 379
583 623
583 618
583 591
583 576
583 541
583 434
58 342
583 365
583 289
583 276
583 139
582 637
582 594
582 577
58 257
582 557
582 532
582 529
582 471
582 395
582 363
582 341
582 330
582 228
582 137
58 197
581 758
581 746
581 735
581 70
581 565
581 544
581 417
581 416
581 362
58 131
581 255
581 224
581 194
580 689
580 671
580 453
580 407
580 341
580 317
580 247
580 19
579 732
579 61
579 534
579 429
579 412
579 410
579 324
579 318
579 311
579 31
579 263
579 234
57 92
579 190
579 12
579 104
578 744
578 572
578 501
578 454
578 433
578 34
578 329
578 283
578 212
578 188
577 688
577 673
577 666
577 648
577 575
577 555
57 741
57 74
577 36
577 349
577 33
577 243
577 235
57 723
577 227
577 165
577 14
577 124
577 121
57 701
576 729
576 711
576 650
576 578
57 657
576 563
576 556
5 765
576 475
576 430
576 332
576 2
576 191
576 14
576 101
57 595
575 742
575 715
575 688
575 660
575 58
575 555
575 500
575 429
575 420
57 542
575 36
575 324
575 193
575 129
574 578
574 569
574 471
574 466
574 290
574 213
574 103
57 40
573 579
573 509
573 492
573 461
573 333
57 325
573 201
573 139
57 299
572 771
572 699
57 269
572 587
572 527
572 471
572 408
572 381
572 322
572 282
572 268
572 224
572 203
572 147
572 119
572 100
572 1
571 97
571 81
571 653
571 621
571 616
571 543
571 543
57 154
571 522
571 423
571 411
571 209
5 708
570 740
570 674
570 295
570 271
570 255
570 168
569 632
569 503
569 439
569 420
569 397
569 373
569 369
569 313
569 218
569 198
569 173
569 147
569 136
569 102
56 89
568 79
568 776
568 773
568 709
568 668
568 619
568 614
568 603
568 440
568 431
568 400
568 370
568 328
568 272
568 252
568 158
568 127
567 718
567 713
567 619
567 602
567 457
567 415
567 411
567 250
567 116
567 116
5 67
56 696
566 746
566 717
566 712
566 648
566 633
566 582
566 523
566 486
566 454
566 45
566 40
566 365
566 332
566 229
566 101
56 61
565 605
565 508
565 474
565 469
565 464
565 406
56 538
565 375
56 536
565 333
565 241
565 146
564 89
564 614
564 612
564 61
564 606
564 533
564 511
564 433
564 423
564 420
564 382
56 438
564 362
564 24
564 213
564 213
564 185
564 148
563 737
56 370
563 550
563 454
56 280
562 718
562 699
562 666
562 611
562 528
562 45
562 435
562 391
562 372
562 255
562 128
56 198
561 78
561 741
561 679
561 59
561 557
561 549
561 526
561 501
56 131
561 261
56 123
561 136
560 721
560 616
560 594
560 457
560 406
560 402
560 398
560 390
560 325
560 314
560 286
560 263
560 239
560 236
560 214
560 21
560 164
55 98
559 758
55 97
559 631
559 373
559 269
559 139
559 112
55 91
558 715
558 700
558 662
558 658
558 633
558 459
558 450
558 400
558 383
558 369
558 309
558 228
558 18
558 120
558 102
557 83
557 682
557 606
557 519
557 459
557 399
557 22
55 719
557 139
557 139
55 704
55 687
55 682
55 676
556 601
556 524
556 490
556 398
556 383
556 294
556 280
556 27
556 205
556 175
55 601
55 597
555 84
555 731
55 57
555 696
555 646
555 640
555 635
555 599
555 591
55 557
555 533
555 509
55 549
555 363
555 346
55 529
555 25
555 226
55 490
55 486
55 48
554 66
554 653
554 638
55 46
554 397
55 433
554 285
554 262
553 694
553 65
553 632
55 362
553 500
553 432
553 431
553 356
553 299
553 266
553 16
552 75
552 727
55 27
552 670
552 650
552 596
552 563
552 395
552 388
552 365
552 329
552 268
552 243
552 215
552 201
552 18
551 684
55 168
551 604
551 534
551 529
551 516
551 515
551 467
551 391
551 252
551 249
551 247
551 234
551 159
551 133
551 109
550 775
550 642
550 597
550 509
550 499
550 499
550 404
549 763
549 698
549 614
549 605
549 551
549 545
549 340
549 333
549 301
549 269
549 252
549 200
549 172
549 159
549 145
549 1
548 760
548 700
548 655
548 619
548 527
548 441
548 360
548 35
548 337
548 259
548 226
548 22
548 161
548 117
547 91
547 688
54 740
54 736
547 353
547 344
547 324
547 239
547 235
547 175
547 150
547 117
546 70
546 602
546 576
546 356
546 289
546 283
546 243
546 219
545 92
545 749
545 726
545 621
545 260
545 229
545 221
545 118
54 508
54 493
544 765
544 741
544 733
544 695
544 674
544 674
544 66
544 637
544 534
544 528
544 467
544 463
544 226
544 199
544 124
54 41
543 77
543 723
543 648
54 362
543 606
543 498
543 289
543 248
543 227
543 141
542 608
542 578
542 53
542 37
542 361
542 357
542 357
54 233
542 291
542 262
542 25
542 231
542 202
54 216
542 12
5 421
5 419
541 754
541 744
54 170
541 636
541 590
541 524
541 517
541 451
541 297
541 232
540 769
540 716
540 709
540 680
540 589
540 541
540 538
540 493
540 489
540 298
540 288
540 280
540 237
540 231
540 222
540 191
540 179
540 162
540 12
539 91
539 733
539 73
539 728
539 681
539 670
539 670
539 632
539 606
539 42
539 415
539 411
539 404
539 392
539 23
539 218
539 217
539 16
539 130
538 526
538 370
538 318
538 289
538 23
538 20
538 190
538 150
538 106
537 777
537 774
537 707
537 698
537 68
537 630
537 538
537 496
537 415
537 407
537 340
537 323
537 304
537 269
537 238
537 19
53 716
537 135
53 701
53 692
536 81
536 561
536 512
536 428
536 298
53 629
536 282
536 21
536 155
536 142
536 112
53 60
535 85
535 740
535 728
535 611
535 52
535 353
535 326
535 263
535 227
535 174
535 109
534 718
534 673
534 654
534 571
534 558
534 421
534 307
53 429
534 262
533 733
533 667
533 649
533 597
533 574
53 35
533 440
533 371
533 35
533 279
533 158
533 130
533 100
53 30
532 737
5 327
532 669
532 643
532 634
532 604
532 562
532 519
532 499
532 430
532 419
532 306
532 240
531 692
531 583
531 502
53 137
531 343
53 13
531 284
531 283
531 103
530 721
530 643
530 592
530 584
530 567
530 523
530 442
530 427
530 369
530 178
530 148
530 127
530 109
529 719
529 711
529 663
529 646
529 638
529 613
529 550
529 532
529 510
529 314
529 224
528 692
528 657
528 64
528 615
528 59
528 570
528 487
528 391
528 235
528 201
528 153
528 145
527 732
527 668
527 562
527 452
527 374
527 370
527 312
527 3
527 278
527 245
527 228
527 206
527 170
527 144
527 144
527 143
527 13
5 271
526 581
526 575
526 488
526 357
526 314
526 226
526 181
526 149
526 121
526 105
525 774
525 747
525 723
525 720
525 702
525 68
525 669
525 63
525 597
525 584
525 573
525 569
52 555
525 536
525 249
525 227
525 222
525 131
525 110
52 500
52 492
524 764
524 714
52 47
524 607
524 521
524 512
524 392
524 38
524 362
524 314
5 243
5 243
524 231
523 538
523 497
523 322
523 288
523 23
523 193
523 162
523 115
523 107
522 772
522 658
522 657
522 521
522 370
522 331
522 313
522 299
522 29
522 277
522 159
521 762
521 759
521 716
521 630
521 582
521 557
521 556
521 505
521 503
521 497
521 467
521 388
521 279
521 279
521 254
521 183
52 110
52 11
520 766
520 708
520 679
520 640
520 522
520 455
520 405
520 355
520 33
520 324
520 247
520 236
520 130
520 116
520 102
519 99
519 696
519 633
519 607
519 560
519 494
519 457
519 442
519 406
519 371
519 345
519 278
519 245
519 230
51 92
519 164
519 158
519 104
518 93
518 9
518 756
518 637
518 636
518 631
518 614
518 557
518 552
518 505
518 429
518 385
518 311
518 123
518 116
517 94
517 76
517 724
517 679
517 659
517 424
517 390
517 289
517 275
51 724
517 223
517 138
51 675
51 674
516 687
516 674
516 624
516 60
5 166
516 586
516 530
516 421
516 409
516 383
516 380
516 364
516 271
516 216
516 182
51 598
515 756
515 721
515 61
515 535
515 52
515 460
515 408
515 297
515 293
515 261
515 257
515 213
515 186
515 158
51 493
514 736
514 730
514 706
514 691
514 640
514 635
514 633
514 486
514 453
514 355
514 325
514 271
514 162
513 722
513 688
513 684
51 368
513 611
513 40
513 380
513 254
51 325
513 237
513 201
51 299
51 298
512 770
512 594
512 590
512 577
512 520
512 421
51 241
512 409
512 287
512 247
512 204
512 194
51 193
511 88
51 184
511 683
511 677
511 591
511 376
511 357
511 285
511 265
511 215
511 212
5 110
510 740
510 647
510 56
510 54
510 525
510 508
510 504
510 437
510 408
510 397
510 395
510 322
510 271
510 173
509 733
509 672
509 563
509 438
509 429
509 326
509 317
509 197
509 149
508 594
508 59
508 525
508 38
508 202
508 142
508 141
50 77
507 562
50 754
507 45
507 44
507 405
507 182
507 110
50 692
50 685
506 679
506 649
506 62
506 587
506 32
506 275
506 244
506 222
506 189
506 125
506 109
50 608
505 765
505 705
505 553
505 504
505 462
505 412
505 408
505 266
505 231
505 216
505 154
504 81
504 714
504 630
504 616
504 580
504 514
504 50
50 449
504 470
504 435
504 380
504 239
504 146
504 140
503 79
50 376
503 724
503 723
503 657
503 546
503 526
503 513
503 49
503 472
503 367
503 287
503 181
503 18
502 95
50 284
502 690
502 61
502 574
502 400
502 31
502 130
501 71
501 709
501 611
50 161
501 607
50 158
501 507
501 477
501 451
501 42
501 415
501 258
501 147
501 119
501 100
500 97
500 761
500 718
500 634
500 591
500 465
500 339
500 299
500 256
500 190
499 85
499 773
499 750
499 701
499 546
499 5
499 45
499 365
499 346
499 333
499 311
499 23
4 99
498 763
498 76
498 753
498 747
498 720
498 615
498 511
498 205
497 97
497 771
497 701
49 765
497 464
497 388
497 384
497 240
497 191
497 145
497 130
496 689
49 658
496 417
496 416
496 416
49 633
49 627
496 18
496 177
49 603
49 583
495 666
495 558
495 46
495 378
495 291
495 210
49 511
495 105
49 470
494 694
494 64
494 628
494 493
494 489
494 479
494 308
494 287
49 428
494 273
494 114
493 701
493 610
493 392
493 306
493 275
493 274
493 128
493 124
493 12
492 714
492 569
492 563
492 528
492 523
492 470
492 41
49 227
49 220
492 170
492 168
492 137
492 136
491 766
49 17
491 624
491 623
491 615
49 160
491 485
491 439
491 438
491 435
491 429
491 387
491 310
491 296
491 214
491 17
491 164
491 141
490 84
490 616
490 605
490 602
490 602
490 479
490 477
490 47
490 46
490 456
490 384
490 28
490 258
490 243
490 15
490 115
490 112
48 99
489 731
489 580
489 474
489 463
489 458
489 449
489 441
489 369
489 188
489 121
488 766
488 744
488 734
488 73
488 686
488 521
488 466
488 407
488 384
488 24
488 239
487 741
487 679
48 762
487 55
487 539
487 481
487 354
487 335
48 728
487 140
487 138
48 709
48 707
486 85
486 773
486 751
486 626
486 624
48 648
486 383
486 33
486 317
486 199
486 107
48 595
485 719
485 619
485 607
485 602
485 586
485 491
485 390
485 310
485 310
485 209
485 199
485 132
484 8
484 76
484 749
484 713
484 599
484 556
48 447
484 383
484 353
484 259
484 237
484 23
484 182
483 766
48 374
483 731
483 653
483 642
483 628
483 605
483 378
483 366
483 281
483 259
483 239
483 200
483 151
483 135
48 292
48 268
48 264
482 590
482 534
482 5
482 474
482 466
482 445
482 440
482 278
482 191
482 122
482 110
48 209
481 99
48 184
48 177
481 764
481 728
481 697
481 632
481 556
481 507
481 468
481 34
481 321
481 32
48 129
481 266
481 244
481 220
481 167
48 10
480 79
480 646
480 616
480 609
480 59
480 567
480 41
480 40
480 340
480 338
480 295
480 19
480 132
480 103
479 735
479 702
479 531
479 530
479 526
479 519
479 425
479 324
479 264
479 176
478 67
478 655
478 591
478 531
478 292
478 280
478 182
478 161
478 145
478 139
478 111
477 706
477 7
477 679
477 657
477 589
477 583
477 415
477 408
477 3
477 286
477 233
477 189
477 173
477 112
476 91
476 693
476 477
476 252
47 619
47 59
475 89
475 75
475 749
475 585
475 577
475 576
475 536
475 520
475 52
475 502
475 45
475 442
475 326
475 285
475 265
475 150
47 515
475 131
47 50
47 478
474 741
47 454
474 526
474 473
474 384
474 338
474 335
474 283
474 274
474 243
474 240
474 214
474 198
474 181
474 108
473 753
473 743
473 650
47 364
473 624
473 537
473 532
473 495
473 262
473 239
473 206
473 195
472 98
472 689
472 676
47 264
472 578
472 551
472 524
47 252
47 245
472 365
472 34
472 336
472 308
472 218
472 215
472 12
471 737
471 728
47 167
471 570
471 486
471 473
471 447
471 412
47 14
471 222
471 127
470 672
470 602
470 461
470 385
470 308
470 296
470 179
470 158
470 127
469 75
469 75
469 68
469 663
469 638
469 502
469 433
469 361
46 93
469 268
468 728
468 711
468 706
468 666
468 592
468 592
468 537
468 507
468 504
468 482
468 387
468 336
468 232
468 133
467 99
467 776
467 737
467 682
467 659
467 598
46 757
467 534
46 753
467 505
467 400
467 341
467 333
467 299
46 727
467 244
467 155
467 153
46 708
46 681
466 772
466 713
466 686
466 683
466 555
466 492
466 21
46 615
465 728
465 617
465 617
465 519
465 165
465 121
46 507
464 94
464 86
46 478
464 726
464 703
464 583
464 573
464 569
464 475
464 444
4 644
46 433
464 181
463 90
463 776
463 709
463 673
463 631
463 628
463 549
463 544
463 521
463 495
463 388
463 341
463 330
463 307
4 633
463 25
462 710
462 511
462 482
462 458
462 435
462 317
462 201
46 214
462 134
461 765
461 704
461 583
461 578
461 514
461 498
461 335
461 273
461 201
461 199
461 193
461 132
461 12
460 743
460 699
460 552
460 526
460 448
460 352
460 300
460 109
459 749
459 721
459 688
459 634
459 627
459 62
459 592
459 54
459 54
459 512
459 407
459 399
459 341
459 320
459 200
459 199
459 145
458 96
458 629
458 545
458 454
458 426
458 389
458 377
458 229
458 187
458 14
4 58
45 777
457 635
45 749
457 484
457 328
457 266
457 262
45 721
45 708
45 672
456 679
456 569
456 559
45 646
456 395
456 265
456 251
456 246
45 591
455 737
455 666
455 65
455 65
455 5
455 398
455 388
455 365
455 337
455 310
455 28
455 267
45 514
455 138
45 467
454 546
454 535
454 458
454 44
454 39
454 385
454 368
454 33
454 310
45 431
454 252
454 224
453 772
453 720
453 68
453 632
453 580
453 482
453 302
453 301
453 161
453 143
453 133
452 771
452 74
452 661
452 523
452 503
452 46
452 426
452 394
45 238
452 288
452 253
452 221
452 157
452 124
451 664
451 661
451 529
451 424
451 414
451 386
451 381
45 137
451 350
451 252
451 172
451 168
451 156
451 107
451 106
450 81
450 70
4 507
450 639
450 636
450 579
450 564
450 354
450 212
449 83
449 73
449 709
449 707
449 653
449 570
449 552
449 488
449 299
449 24
449 208
449 152
449 102
448 76
448 654
448 561
448 43
448 336
448 264
448 26
448 190
448 136
447 89
447 760
447 658
447 655
447 63
44 759
447 399
447 291
447 158
447 139
447 111
44 685
446 776
446 684
446 677
446 577
446 575
446 566
446 517
446 497
446 370
446 214
446 203
44 596
445 94
44 590
445 769
445 715
445 630
445 386
445 35
445 264
445 204
445 199
445 192
445 183
445 182
445 157
44 511
445 102
444 79
444 704
444 682
444 62
44 461
444 609
444 604
444 591
444 486
444 457
444 45
444 383
444 352
444 307
444 279
44 426
444 129
444 108
443 82
443 77
44 370
443 69
443 649
443 577
443 430
443 391
443 361
443 359
44 335
443 300
443 285
443 27
443 175
44 316
443 105
4 431
442 776
442 769
442 76
442 743
442 63
442 621
4 426
4 424
442 147
442 109
44 177
441 718
441 71
441 701
441 700
441 603
441 42
44 142
441 302
441 227
441 212
441 190
441 16
440 88
440 738
440 711
440 676
440 552
440 473
4 404
440 262
440 188
440 185
440 129
439 741
439 718
439 687
439 66
439 657
439 599
439 557
439 55
439 435
439 331
439 284
439 198
439 142
438 96
438 721
438 689
438 687
438 585
438 472
438 469
438 354
438 289
438 281
437 758
437 644
437 598
437 582
437 581
437 574
437 467
437 379
437 335
437 313
437 278
437 192
437 131
437 115
436 693
436 671
436 662
436 650
436 619
436 424
436 192
436 183
436 13
435 8
4 358
435 724
435 688
435 679
43 565
435 606
435 526
435 502
435 444
435 438
435 282
435 257
435 243
435 195
435 159
435 136
43 496
434 89
434 768
434 761
43 473
434 690
434 643
434 46
434 417
434 353
434 213
434 195
434 157
434 153
434 14
43 409
4 339
4 338
433 775
433 729
433 678
433 648
433 623
433 616
433 6
433 598
433 511
433 458
433 34
433 320
433 283
433 233
433 198
433 178
433 128
433 110
432 96
432 8
432 734
432 727
432 691
432 619
432 618
432 562
432 540
432 529
43 241
432 385
432 284
432 176
43 217
432 164
432 141
431 90
43 19
43 181
43 17
431 665
43 158
431 515
431 486
43 145
431 438
431 429
431 428
431 327
431 319
431 296
431 280
431 200
431 100
430 91
430 8
430 771
430 658
430 643
430 533
430 513
430 409
430 34
430 28
430 243
430 114
429 739
429 737
429 73
429 70
429 698
429 530
429 525
429 500
429 495
429 484
429 358
429 340
429 268
429 198
429 143
428 701
428 7
428 699
428 602
428 404
428 228
428 218
428 121
427 751
427 726
427 667
427 531
427 468
427 413
427 355
427 231
426 9
426 629
42 659
426 539
426 518
426 507
426 470
426 434
426 412
42 64
4 264
426 355
426 292
426 228
426 157
426 115
42 603
425 86
425 617
425 581
425 57
425 567
425 539
425 500
425 489
425 382
425 314
425 296
425 282
425 146
425 117
425 1
42 487
424 767
424 709
424 696
424 64
42 460
424 585
424 435
42 439
42 438
424 375
42 435
42 434
424 333
424 16
424 101
4 241
423 773
423 762
423 722
423 671
423 612
423 559
423 55
423 521
423 458
423 438
42 336
423 174
42 292
422 79
422 74
422 695
422 651
422 601
422 583
422 576
422 531
422 467
422 440
422 137
421 8
421 770
421 757
421 602
421 565
421 532
421 5
421 495
42 148
421 457
421 389
421 334
421 304
421 247
421 185
421 144
420 738
420 655
420 557
420 491
420 430
420 343
420 265
420 247
420 208
420 196
420 158
419 77
419 741
419 673
419 672
419 627
419 580
419 495
419 457
419 443
419 378
419 328
419 299
419 281
418 706
418 680
418 550
418 530
418 483
418 422
418 301
418 267
418 253
418 218
417 68
417 671
417 597
417 590
417 581
417 531
417 502
417 50
41 747
417 469
417 469
417 437
417 426
417 414
417 397
417 374
417 369
41 731
417 283
417 18
417 138
417 103
416 696
416 581
416 564
416 548
416 546
416 506
416 442
416 382
416 375
416 299
415 752
41 573
415 72
415 643
415 611
415 518
415 42
415 40
415 349
415 34
415 307
415 297
415 129
415 105
414 741
414 721
414 680
414 663
414 65
414 646
414 585
414 564
414 395
41 391
413 756
413 634
413 58
413 505
413 48
413 428
413 408
413 388
413 382
413 373
413 26
41 32
413 144
41 290
412 703
412 651
412 622
412 557
412 386
412 355
411 731
411 683
411 506
41 141
411 372
411 368
411 343
411 30
411 297
411 275
411 225
411 155
410 776
410 775
410 721
410 714
410 641
410 61
410 588
410 543
410 526
410 421
410 243
410 230
410 212
410 204
410 198
410 192
410 133
409 773
409 7
409 673
409 551
409 520
409 515
409 426
409 406
409 188
409 179
409 148
408 680
408 665
408 487
408 457
408 33
408 196
408 128
407 74
407 673
40 764
40 759
407 547
407 47
407 463
407 452
407 181
40 716
407 107
406 761
406 760
406 513
406 467
406 439
40 641
406 407
40 639
406 343
406 286
406 250
406 187
406 180
406 173
40 567
405 620
405 560
405 504
405 492
405 484
405 464
405 354
405 306
405 300
40 530
405 276
405 235
405 182
40 502
404 92
404 77
404 699
404 577
404 526
404 52
40 443
404 326
404 218
404 196
404 165
404 161
404 123
40 397
403 72
40 372
403 702
403 701
403 696
403 67
403 629
403 555
403 55
403 516
403 414
403 309
403 306
403 292
403 11
402 72
40 27
402 696
402 546
402 463
40 246
402 45
402 418
402 31
402 237
40 186
401 772
401 738
401 738
401 688
401 668
401 457
401 437
401 375
401 341
401 255
401 222
401 185
401 104
400 770
400 763
400 75
400 744
400 688
400 489
400 375
400 322
400 281
399 750
399 618
399 590
399 446
399 416
399 307
399 302
399 298
399 164
399 160
398 84
398 8
398 718
398 622
398 6
398 538
398 532
398 492
398 280
398 274
398 267
397 88
397 80
397 725
397 720
397 698
397 668
39 761
397 554
397 548
397 535
397 460
397 454
397 446
397 293
397 232
397 194
397 189
397 187
397 141
396 747
396 601
396 590
396 541
396 46
396 431
396 393
396 36
396 299
39 621
396 180
396 127
396 107
395 766
395 711
39 560
395 515
395 515
395 419
395 376
395 353
395 274
395 113
39 492
394 69
394 499
394 345
394 336
394 257
394 158
39 415
394 111
394 108
393 94
393 85
393 679
39 361
393 594
393 567
393 555
393 424
393 419
39 34
393 391
393 387
393 387
393 362
393 30
393 264
393 242
393 191
393 19
393 119
392 8
392 705
392 702
392 599
392 560
39 252
39 252
392 427
39 238
392 290
392 209
392 108
391 84
39 173
391 721
391 714
391 696
391 624
391 535
391 533
391 5
391 425
391 285
39 128
391 276
391 229
391 228
391 129
391 12
390 81
390 763
390 734
390 704
390 640
390 610
390 550
390 461
390 43
390 358
390 296
390 201
390 199
389 595
389 592
389 576
389 492
389 487
389 398
389 391
389 359
389 294
389 25
389 21
388 763
388 761
388 727
388 656
388 56
388 52
388 319
388 199
388 191
388 176
388 160
387 96
387 94
387 93
387 638
387 587
387 476
387 464
387 437
387 428
387 379
387 348
387 3
387 239
387 238
387 190
387 190
387 107
386 752
386 730
386 669
386 656
386 643
386 626
386 592
38 653
386 409
386 286
386 253
386 181
386 157
386 148
386 118
38 60
385 641
38 561
385 382
385 244
385 244
385 215
38 518
385 163
384 98
384 723
384 701
384 669
384 597
38 424
384 193
384 187
38 390
383 771
383 692
383 672
383 668
383 650
38 354
383 489
383 488
383 4
383 34
383 206
383 199
383 183
383 116
383 110
38 303
382 643
382 547
382 527
382 522
382 478
382 436
382 427
38 236
382 258
382 236
382 236
382 229
382 204
381 76
381 754
381 729
38 160
38 159
381 508
381 451
381 432
381 122
380 91
380 759
380 723
380 694
380 67
380 660
380 578
380 49
380 395
380 327
380 296
380 278
380 278
380 223
379 78
379 616
379 596
379 417
379 374
379 104
379 1
378 716
378 668
378 535
378 514
378 385
378 326
378 324
378 302
378 25
378 188
378 134
377 754
377 751
377 712
37 770
377 653
377 65
377 577
377 508
377 467
377 462
377 286
377 210
377 158
377 135
377 131
376 752
376 71
376 709
376 668
376 594
376 575
376 548
376 515
376 48
376 461
376 453
37 644
376 252
376 220
376 22
376 163
376 13
37 602
375 746
37 566
375 628
375 608
375 584
375 560
37 552
375 34
375 314
375 275
375 190
375 162
375 143
374 727
374 715
37 467
374 568
374 495
374 483
374 409
374 40
374 396
374 375
374 371
374 358
374 336
373 6
373 502
373 440
373 366
373 349
373 347
373 300
373 144
373 143
373 130
37 290
372 83
37 276
372 709
372 666
372 58
372 507
372 380
372 318
372 197
372 177
372 155
372 115
37 194
37 19
3 719
371 769
371 739
371 70
371 649
371 609
371 605
371 570
371 313
371 177
37 112
370 537
370 521
370 521
370 497
370 487
370 389
370 380
370 323
369 736
369 675
369 651
369 578
369 537
369 51
369 495
369 470
369 422
369 414
369 401
369 296
369 236
369 149
36 9
368 735
368 606
368 58
368 57
368 564
368 51
368 407
368 357
368 328
368 322
368 3
368 29
368 284
368 170
368 158
3 681
367 715
367 695
367 693
367 691
367 597
367 564
367 355
367 258
367 184
36 707
366 86
366 768
366 671
366 656
366 65
366 628
366 493
36 645
366 430
366 361
366 302
366 29
366 268
366 191
36 618
366 174
36 601
365 744
365 692
365 685
365 685
36 562
365 500
365 50
365 495
365 466
365 422
365 358
365 311
365 279
365 200
365 127
365 123
364 78
364 730
364 638
364 49
364 434
364 420
364 414
364 362
364 348
364 333
364 302
364 239
364 188
364 135
36 383
363 70
3 637
363 687
363 686
363 675
363 60
36 346
363 212
363 113
36 308
362 658
362 635
362 518
362 44
362 348
362 237
36 219
362 145
36 193
361 776
361 749
361 746
361 743
361 679
361 63
361 554
361 525
361 470
361 467
361 440
361 356
361 3
361 275
361 132
361 129
36 105
36 103
360 80
360 632
360 524
360 514
360 450
360 375
360 372
360 370
360 241
359 8
359 746
359 735
359 731
359 731
359 515
359 473
359 471
359 415
359 383
359 317
358 773
358 726
358 723
358 682
358 651
358 650
358 633
358 605
358 527
358 366
358 290
358 268
358 19
358 115
357 699
357 696
357 687
357 599
357 553
357 54
357 446
357 375
357 3
357 287
357 138
35 71
356 96
35 677
356 743
356 652
356 641
356 62
356 559
356 458
356 366
356 332
356 249
356 244
356 150
3 560
35 597
35 569
355 652
355 605
355 565
355 528
355 428
355 30
355 261
355 260
35 524
355 107
354 89
354 672
354 529
354 524
354 499
354 474
354 466
354 33
354 306
354 193
354 101
35 392
353 689
353 681
353 59
353 511
353 490
353 489
353 452
353 358
353 280
35 327
353 138
353 138
353 113
35 290
35 281
35 268
352 672
352 601
352 552
352 527
352 452
352 443
352 428
352 394
352 137
35 209
351 96
351 93
351 79
35 175
351 727
351 721
351 693
351 573
351 529
351 255
351 251
351 210
351 205
351 194
35 118
351 165
351 136
350 637
350 57
350 529
350 466
350 461
350 417
350 409
350 328
350 241
350 194
350 178
350 120
349 83
349 582
349 574
349 430
349 3
349 267
349 167
349 113
34 90
348 97
348 78
348 695
348 625
348 576
348 574
348 463
348 412
348 41
348 349
348 309
348 262
347 744
347 739
347 692
347 636
347 632
347 585
3 474
347 381
347 366
347 256
346 95
34 691
346 627
346 541
34 652
346 505
346 439
346 338
346 298
346 25
346 229
346 182
34 580
345 729
345 692
345 684
345 655
345 652
345 637
345 631
345 545
345 444
34 544
345 408
345 40
345 350
345 34
345 287
345 284
345 254
345 156
345 106
344 686
344 648
344 579
344 564
344 555
344 514
344 445
344 417
344 416
344 382
344 330
344 309
344 233
34 42
343 755
343 547
343 496
343 405
343 40
34 338
343 318
343 245
343 237
343 221
343 18
343 152
34 295
34 293
342 722
34 269
342 626
342 608
342 580
342 572
342 421
342 358
34 233
342 225
342 159
342 158
342 142
3 418
34 176
341 600
341 438
341 42
341 413
341 308
341 274
341 228
34 121
341 143
341 118
340 88
340 710
340 569
340 567
340 475
340 291
340 219
340 210
340 172
340 102
339 74
339 73
339 702
339 641
339 615
33 96
339 570
339 487
339 470
339 439
339 43
339 362
339 207
339 135
338 588
338 476
338 47
338 43
338 310
338 3
338 197
338 179
338 159
337 723
337 646
337 523
337 484
337 48
33 738
337 364
337 326
337 316
33 723
33 697
336 86
336 73
336 540
336 491
336 48
336 448
336 445
336 362
336 348
336 339
33 629
336 198
336 146
336 121
335 743
335 673
335 594
33 550
3 354
335 374
335 362
335 293
335 267
335 261
335 260
335 23
3 352
335 154
33 510
33 487
334 639
334 585
334 517
33 443
334 348
33 42
33 4
333 91
333 86
333 752
333 696
333 669
333 552
333 512
33 336
333 262
333 207
333 206
33 29
332 74
332 496
332 439
332 349
332 298
332 243
3 322
332 183
332 159
332 136
33 194
331 90
331 610
331 588
331 548
331 540
331 516
33 142
331 413
331 385
331 295
331 251
331 24
331 238
331 22
331 206
33 119
331 131
331 125
331 112
330 777
330 758
330 652
330 644
330 466
330 389
330 327
330 166
330 16
330 132
330 104
3 301
329 740
329 740
329 735
329 73
329 729
329 710
329 705
329 65
329 62
329 588
329 441
329 431
329 399
329 364
329 297
329 284
329 28
329 260
328 592
328 496
328 473
328 392
328 304
328 196
328 17
327 693
327 629
327 537
327 51
327 498
327 418
327 202
327 153
32 713
326 739
326 733
326 62
326 606
326 566
32 643
326 427
326 350
326 342
326 299
326 293
326 226
326 208
326 140
326 131
326 121
32 61
325 90
32 568
325 642
325 624
325 612
325 598
325 56
325 519
325 518
325 386
325 3
325 205
325 186
325 170
325 156
325 104
324 99
324 704
32 464
324 586
324 440
324 410
32 44
324 366
324 356
324 271
324 242
324 241
324 222
324 137
32 374
323 715
323 683
323 665
323 661
323 605
323 600
323 510
323 505
323 414
323 382
323 324
323 164
323 16
323 140
32 296
322 89
32 285
322 758
322 707
322 655
322 594
322 566
322 54
322 508
322 346
322 315
321 83
321 716
321 669
321 534
321 52
321 508
321 470
321 441
321 359
321 164
320 82
320 761
320 697
320 69
320 651
320 634
320 634
320 618
320 539
320 535
320 375
320 314
320 3
320 208
320 179
320 17
320 169
320 145
320 127
319 769
319 720
319 615
319 554
319 434
319 382
319 343
319 248
319 240
319 23
318 80
318 730
318 724
318 7
318 527
318 353
318 35
318 328
318 312
318 309
318 294
318 203
318 148
317 713
317 691
317 618
317 598
317 522
317 481
31 747
317 426
317 426
317 36
317 27
317 256
317 223
317 150
31 715
31 693
316 87
316 657
316 639
316 632
316 40
316 374
316 351
316 302
31 627
316 239
316 203
316 198
31 617
315 698
315 679
315 645
315 637
31 563
315 611
315 601
315 581
315 552
315 488
315 414
315 386
315 223
315 202
315 131
315 11
31 490
314 87
314 767
314 732
314 669
314 663
314 597
314 514
31 451
314 396
314 370
314 336
314 250
314 182
314 160
31 404
313 733
313 566
313 544
313 502
313 471
313 456
313 446
313 350
313 282
313 277
313 230
313 221
313 180
313 177
312 680
312 610
312 595
312 506
312 486
31 244
312 434
312 304
312 258
312 223
312 200
312 154
312 150
312 144
312 125
311 620
311 584
311 531
311 530
311 39
311 219
311 164
310 739
310 69
310 664
310 617
310 534
310 476
310 444
310 374
310 365
310 317
310 292
310 215
3 10
309 725
309 711
309 711
309 707
309 702
309 694
309 571
309 549
309 517
309 510
309 500
309 447
309 444
309 225
308 764
308 600
308 591
308 546
308 521
308 361
308 33
308 239
308 23
308 22
308 201
307 81
307 773
307 740
307 735
307 708
307 698
307 689
307 675
307 655
30 75
307 470
307 345
307 290
30 726
307 13
307 118
307 101
30 689
306 776
306 668
306 549
306 535
306 512
306 456
306 422
306 322
306 252
306 198
306 147
30 605
30 596
305 89
305 675
305 603
30 56
305 545
305 508
305 493
305 471
305 426
30 538
305 37
305 357
305 215
30 520
305 111
304 565
304 514
304 494
30 446
304 45
304 348
304 299
304 282
304 262
304 249
304 247
304 170
30 382
303 746
303 666
303 582
303 560
303 550
303 502
303 492
303 466
303 400
303 314
303 294
303 25
303 192
302 572
30 255
302 536
302 492
302 450
302 418
302 417
302 407
302 174
302 136
302 135
301 733
301 698
301 688
301 636
30 163
301 617
30 156
301 551
301 546
301 513
301 450
301 412
301 351
301 340
301 31
301 179
301 122
30 107
300 749
300 693
300 628
300 516
300 486
300 433
300 414
300 307
300 234
300 189
300 145
300 137
300 124
299 767
299 747
299 71
299 70
299 697
299 69
299 623
299 556
299 544
299 525
299 477
299 439
299 398
299 373
299 366
299 338
299 327
299 321
299 320
299 199
299 199
299 129
298 731
298 72
298 68
298 653
298 618
298 602
298 596
298 554
298 48
298 461
298 449
298 402
298 289
29 8
297 740
297 732
29 772
297 663
297 534
297 373
297 353
297 292
297 235
297 234
297 232
297 195
297 145
297 141
296 755
296 746
296 687
296 636
29 663
296 608
296 496
296 478
296 399
296 37
296 325
296 22
296 207
296 177
295 88
29 570
295 559
29 543
295 392
295 293
295 229
295 227
295 217
29 521
295 184
295 162
295 161
295 134
295 11
295 11
29 503
29 480
294 742
294 726
294 679
29 466
294 658
294 582
294 575
294 519
294 515
294 427
294 298
29 425
294 205
294 181
294 143
294 140
294 10
293 671
293 422
293 378
293 314
293 301
293 210
293 164
293 119
292 743
292 695
292 668
292 636
292 636
292 622
292 573
292 505
292 416
292 228
292 196
292 128
291 731
291 730
291 547
291 531
291 507
291 496
291 412
291 373
291 37
291 350
29 13
291 296
291 28
291 246
291 227
291 211
29 117
291 157
291 131
2 91
290 552
290 47
290 397
290 352
290 308
290 187
290 17
290 137
289 668
289 6
289 557
289 542
289 483
289 45
289 423
289 348
289 296
289 281
289 162
288 87
288 762
288 706
288 571
288 564
288 517
288 485
288 451
288 448
288 440
288 43
288 390
288 347
288 317
288 236
288 154
288 126
287 769
28 772
287 693
287 592
287 553
28 755
287 468
287 429
287 369
287 328
287 286
287 221
287 21
28 669
286 617
286 597
286 597
286 573
286 534
286 512
286 504
286 431
286 375
286 35
286 332
286 316
286 297
286 294
285 747
285 700
285 688
285 663
285 512
285 335
285 329
285 269
28 52
285 189
285 120
285 115
284 753
284 674
28 464
284 611
284 611
284 561
284 540
284 433
284 364
284 363
284 148
28 404
283 773
283 709
283 708
283 663
283 661
283 585
283 565
283 540
283 525
283 523
283 511
283 50
283 48
283 451
283 386
283 191
283 182
28 316
283 137
283 121
282 701
282 696
282 648
28 256
282 519
282 497
282 476
282 428
282 413
282 35
282 338
282 319
282 29
282 233
282 175
282 162
282 123
281 765
281 716
281 69
281 602
281 539
281 524
281 429
281 391
281 343
280 82
280 770
280 727
280 7
280 561
280 493
280 492
280 416
280 340
280 34
280 321
280 315
280 152
280 128
27 98
279 751
279 695
279 678
279 625
279 624
279 528
279 394
279 384
279 360
279 232
279 132
278 759
278 707
278 644
278 554
278 521
278 433
278 404
278 320
278 184
278 153
278 104
278 100
277 766
277 659
277 611
277 506
27 742
277 380
27 737
277 348
276 776
276 753
276 747
276 677
276 637
276 622
276 587
276 579
276 559
276 54
276 459
27 640
276 364
276 286
276 255
27 604
275 87
275 736
275 509
275 4
275 293
275 253
275 119
27 487
274 760
274 733
274 73
274 715
274 691
274 679
274 556
274 549
274 527
274 519
274 418
274 406
274 284
274 237
274 215
274 155
27 414
274 106
273 73
273 716
273 684
273 592
273 523
273 512
273 429
27 337
273 36
273 31
273 284
273 253
27 319
273 141
273 124
272 713
272 713
272 658
272 587
272 506
272 469
272 452
272 366
272 241
272 233
272 174
272 118
272 108
272 10
271 741
271 696
271 652
271 530
271 437
271 393
271 385
271 366
271 315
27 13
2 713
271 20
271 194
271 127
27 108
270 65
270 485
270 463
270 273
270 255
270 121
269 82
269 768
269 706
269 694
269 667
269 638
269 537
269 482
269 477
269 446
269 412
269 401
2 694
269 354
269 188
269 145
269 143
269 12
268 761
268 720
268 43
268 42
268 381
268 314
268 27
268 264
267 78
267 768
267 73
26 771
267 7
267 667
267 666
267 65
267 631
267 552
267 548
267 539
267 51
267 507
267 488
267 475
26 733
26 731
267 277
267 230
267 223
267 162
2 671
266 768
266 727
266 714
266 689
266 67
266 606
266 368
266 350
266 333
266 333
266 217
266 206
266 198
266 141
266 120
265 84
2 657
265 685
265 601
26 554
265 484
265 305
265 176
26 5
264 723
264 580
264 409
264 396
264 36
26 430
264 26
264 165
264 109
263 777
263 708
263 670
263 605
263 539
263 483
263 472
26 341
263 376
263 305
263 225
263 217
263 106
262 90
262 735
262 637
262 581
262 538
262 524
262 391
262 366
262 356
262 354
262 285
261 85
261 772
261 767
261 647
261 63
261 627
261 583
261 463
261 448
261 407
261 378
261 24
261 184
261 120
261 113
26 10
2 61
260 632
260 578
260 567
260 512
260 499
260 45
260 440
260 275
260 201
260 188
260 140
2 601
25 99
259 738
259 548
259 439
259 339
259 310
258 700
258 648
258 63
258 614
258 614
258 54
258 510
258 503
258 481
258 472
258 415
258 388
258 359
258 33
258 325
258 105
257 767
25 771
257 652
257 610
257 516
257 503
257 316
257 288
257 206
257 127
256 766
256 717
256 710
256 7
256 657
256 55
256 540
256 509
256 482
256 335
256 280
256 266
25 597
255 736
255 568
255 456
255 267
255 242
255 162
255 159
255 111
255 108
255 102
254 69
254 498
254 460
254 447
254 427
254 417
254 35
254 333
254 279
254 278
254 139
25 396
253 748
253 484
253 444
253 408
253 20
253 168
253 136
25 309
252 750
252 719
252 59
252 451
252 374
252 327
252 32
252 1
252 1
251 77
251 767
251 749
25 174
251 726
251 566
251 561
251 495
251 32
251 142
251 137
251 116
250 706
250 695
250 615
250 589
250 541
250 54
250 535
250 504
250 410
250 376
250 358
250 314
250 106
249 683
249 659
249 618
249 569
249 521
249 451
249 370
249 37
249 37
249 325
249 254
249 246
249 235
249 230
249 152
248 87
248 766
248 654
248 635
248 572
248 546
248 455
248 404
248 388
248 375
248 331
248 311
248 117
248 108
24 78
247 763
24 773
24 77
247 649
247 629
247 588
247 447
247 417
247 356
247 343
247 326
247 232
247 207
247 20
247 165
247 16
247 147
2 47
24 676
246 712
246 470
24 640
246 391
246 292
246 181
245 718
245 68
245 657
245 644
245 612
245 561
245 519
245 4
245 376
245 357
245 18
24 518
245 163
24 514
24 490
244 82
244 753
244 577
244 529
244 503
244 397
244 336
244 322
244 315
244 268
24 426
244 231
243 95
243 772
243 750
24 371
243 665
243 541
2 435
243 49
243 48
243 381
243 374
243 275
243 247
24 316
243 105
242 88
242 686
242 670
242 670
242 626
242 591
242 364
242 35
242 313
242 288
242 231
242 134
24 208
241 93
241 763
241 712
241 696
241 681
241 635
241 571
24 156
241 484
241 467
241 455
241 454
241 431
241 387
241 372
241 323
241 268
24 124
241 124
241 106
24 110
240 90
240 618
240 489
240 434
240 409
240 403
240 36
240 340
240 294
240 274
239 482
239 474
239 43
239 300
239 28
23 92
239 165
23 91
238 671
238 454
238 402
238 332
238 328
238 319
238 294
238 287
238 239
237 731
237 695
237 576
237 373
237 37
237 34
237 303
237 248
2 369
236 59
236 534
236 424
236 405
236 370
236 310
23 63
236 272
236 260
236 207
236 174
236 159
23 6
23 592
235 719
235 697
23 565
235 539
235 439
235 207
23 496
234 9
234 733
234 699
234 699
234 559
234 535
234 421
234 401
234 274
234 238
234 20
23 42
234 196
234 156
234 147
234 105
234 100
233 773
233 768
233 721
233 596
233 534
233 431
233 375
233 337
233 335
233 302
233 169
233 139
23 305
232 764
23 268
232 661
232 627
232 599
232 589
232 584
232 560
232 521
232 512
232 486
232 47
232 345
232 27
23 22
232 153
232 108
231 777
231 748
231 701
231 623
231 565
231 544
231 453
23 142
231 225
23 115
230 67
230 19
230 179
229 766
229 757
229 732
229 700
229 457
229 452
229 404
229 333
229 331
229 286
229 233
228 95
228 745
228 711
228 70
228 689
228 590
228 576
228 55
228 357
227 758
227 734
227 722
22 771
227 696
227 680
22 756
227 523
227 518
227 452
227 448
227 22
227 216
226 91
226 84
226 58
226 523
226 415
226 368
226 244
226 233
226 224
226 154
2 259
225 754
225 734
225 732
225 724
225 691
225 678
225 656
225 64
22 551
225 487
225 39
22 539
225 37
225 361
225 311
225 232
225 190
225 164
225 14
225 113
225 107
224 97
224 92
224 753
224 706
224 7
224 669
224 654
224 550
224 531
224 474
224 368
22 436
224 253
224 244
224 152
223 748
22 374
223 65
223 573
223 507
223 5
223 44
223 179
223 148
222 88
222 753
222 74
222 703
222 699
222 695
222 549
222 515
222 441
222 391
222 354
222 341
222 334
222 309
222 276
222 192
222 138
22 213
222 120
222 12
22 210
22 193
221 774
221 675
221 647
221 582
221 51
221 505
221 400
22 137
221 319
221 302
221 194
220 88
220 773
220 723
220 622
220 600
220 516
220 458
220 447
220 397
220 171
220 150
220 116
2 20
2 199
219 8
219 47
219 450
219 448
219 433
219 428
219 403
219 332
219 223
2 189
218 614
218 522
218 452
218 259
218 212
218 159
218 142
217 93
217 689
217 626
217 599
217 586
217 503
217 493
217 490
217 455
217 375
217 367
217 317
217 250
217 222
21 717
217 145
217 114
217 11
217 109
216 753
216 685
216 631
216 440
216 407
216 375
216 329
216 311
216 243
216 197
216 179
216 154
216 120
21 585
215 775
215 763
215 746
215 639
215 616
21 54
215 383
21 536
215 345
215 20
215 108
21 483
214 752
214 709
214 632
214 542
214 518
214 517
214 506
214 313
214 270
214 238
21 423
214 111
21 401
21 385
213 750
213 644
213 487
213 475
213 459
213 428
213 401
213 285
213 229
213 227
213 156
213 125
21 305
212 566
21 255
212 490
212 445
212 396
212 17
212 159
21 188
211 637
211 59
211 513
211 495
211 257
211 209
211 185
210 744
210 602
210 511
210 497
210 11
210 101
209 718
209 706
209 582
209 564
209 493
209 431
209 354
209 346
209 305
209 211
209 120
208 741
208 729
208 728
208 669
208 591
208 584
208 548
208 54
208 40
208 293
208 168
207 766
207 300
207 269
207 223
207 104
206 663
206 632
206 594
206 585
206 503
206 50
206 477
206 406
20 616
205 88
205 748
20 574
205 674
205 673
205 659
205 654
205 650
205 591
205 55
205 488
205 468
205 464
205 245
205 219
205 198
205 160
205 127
205 125
20 495
204 774
204 679
204 612
204 485
204 447
204 404
204 377
204 367
204 353
204 233
20 420
204 175
20 410
203 775
203 737
203 724
203 687
203 514
203 472
203 387
203 378
203 377
203 350
203 338
203 30
203 157
203 129
203 126
20 284
20 284
202 742
202 557
202 427
20 241
202 391
202 39
202 371
202 288
202 266
202 256
202 133
201 547
201 50
201 455
201 400
201 224
201 159
201 105
200 85
200 735
200 706
200 67
200 587
200 535
200 527
200 49
200 441
200 352
200 191
200 129
199 9
199 776
199 75
199 718
199 669
199 650
199 620
199 518
199 495
199 493
199 463
199 250
199 250
198 720
198 704
198 700
198 642
198 603
198 534
198 469
198 386
198 318
198 265
198 24
198 213
198 209
197 86
197 663
197 575
19 741
197 389
197 370
19 734
197 328
19 729
197 16
197 139
196 92
19 689
196 88
196 768
196 764
196 71
196 685
196 675
196 65
196 59
196 474
19 636
196 359
196 253
196 153
196 152
196 150
196 110
195 748
195 605
195 582
195 478
19 547
195 417
195 362
195 352
195 274
195 268
195 250
195 170
195 166
195 160
195 146
19 504
19 502
194 772
194 758
194 71
194 610
194 585
194 507
194 507
194 495
194 410
194 392
194 332
194 325
194 264
19 421
194 20
193 93
193 772
193 510
193 503
193 474
193 448
193 292
193 269
193 228
19 321
193 206
19 317
193 153
192 87
192 72
192 709
19 268
192 638
192 610
192 60
192 584
192 573
192 545
192 392
192 366
19 220
192 2
192 116
191 776
191 770
191 703
191 696
191 627
191 583
191 419
191 282
191 267
191 260
191 129
191 105
190 716
190 652
190 643
190 592
190 529
190 450
190 402
190 306
190 285
190 28
189 746
189 704
189 657
189 600
189 596
189 477
189 475
189 418
189 407
189 168
188 91
188 729
188 562
188 555
188 357
188 120
187 726
187 718
187 687
187 659
187 576
187 380
187 329
187 259
186 755
186 722
18 669
186 562
186 553
186 460
186 397
186 371
186 27
186 238
186 197
186 190
186 176
18 614
186 1
185 681
185 580
185 556
185 473
185 423
185 394
185 393
185 345
185 238
185 222
185 189
185 169
18 504
184 85
18 48
184 743
184 637
184 616
184 614
184 445
184 379
184 37
184 352
18 433
184 271
184 152
18 393
183 9
183 722
183 704
183 70
183 688
183 630
183 589
183 306
183 258
183 240
183 148
183 139
182 675
182 622
182 552
18 255
182 471
182 409
182 364
182 358
182 231
182 230
182 221
182 193
182 126
181 745
181 666
181 562
181 425
181 397
181 338
181 230
181 193
181 15
18 114
18 113
181 115
180 770
180 767
180 756
180 752
180 751
180 546
180 499
180 488
180 478
180 458
180 31
180 303
180 302
180 24
180 231
180 208
180 20
180 196
1 8
179 88
179 741
179 530
179 524
179 351
179 286
179 206
179 172
179 130
179 112
179 102
178 777
178 723
178 720
178 700
178 556
178 540
178 513
178 496
178 450
178 366
178 357
178 339
178 278
178 218
178 154
177 7
177 634
17 763
177 605
17 76
177 581
177 457
177 455
177 434
177 433
177 4
1 773
177 28
177 275
177 272
177 267
177 230
177 229
177 214
177 144
177 138
17 697
176 725
176 680
176 587
176 424
176 399
176 389
176 351
176 238
176 235
176 233
176 175
17 597
17 591
175 86
17 585
17 572
175 702
175 694
175 64
175 598
175 577
175 567
175 36
175 347
175 32
175 296
175 296
175 256
175 248
175 229
175 217
175 176
175 139
174 753
174 740
17 474
174 738
17 472
174 486
174 37
17 425
174 216
174 202
17 419
174 179
17 382
17 377
173 702
173 674
173 469
173 451
173 351
173 35
173 321
17 329
173 16
173 157
173 146
173 134
17 289
172 770
172 720
172 717
172 707
172 587
172 405
172 399
172 358
172 264
172 238
172 174
172 110
17 177
171 725
171 702
171 654
171 612
171 596
171 586
17 151
171 469
171 467
171 225
17 122
171 147
17 113
1 709
170 83
170 725
170 7
170 669
170 668
170 660
170 555
170 519
170 482
170 427
170 412
170 375
170 367
170 320
170 31
170 173
170 168
1 7
169 92
169 77
169 698
169 619
169 593
169 502
169 448
169 397
169 308
169 305
169 183
169 107
168 702
168 612
168 608
168 603
168 6
168 547
168 519
168 48
168 460
168 320
168 305
168 242
168 183
1 68
167 75
167 732
16 768
167 636
167 484
167 468
167 466
167 452
167 444
167 440
167 415
167 363
167 316
167 240
167 230
167 225
167 144
16 712
16 704
166 745
166 728
166 727
16 671
166 699
16 650
16 647
166 467
166 455
166 45
166 4
16 64
166 371
166 236
166 189
16 616
166 101
165 80
165 701
165 654
165 349
165 22
165 143
165 131
16 493
164 776
164 767
164 726
164 647
164 532
164 476
164 398
164 374
164 366
164 222
16 419
164 145
163 89
163 761
163 683
163 547
163 522
163 520
163 445
163 419
163 352
163 32
163 23
163 212
163 207
163 176
163 106
163 105
162 91
162 83
162 70
162 653
162 649
162 642
162 62
162 614
162 613
16 259
162 571
16 251
162 482
162 461
162 443
162 388
162 355
162 131
1 62
161 86
161 74
161 432
161 361
161 314
161 240
16 107
160 756
160 637
160 578
160 571
160 370
160 321
160 316
160 302
160 262
160 244
160 111
159 68
159 679
159 65
159 648
159 639
159 622
159 620
159 526
159 522
159 516
159 330
159 33
159 286
159 190
159 150
158 9
158 514
158 498
158 421
158 418
158 395
158 343
158 317
158 308
158 239
158 217
157 723
157 717
157 668
15 755
157 537
157 424
157 299
15 718
157 135
15 71
15 688
156 736
156 688
156 687
156 666
156 579
15 655
156 521
156 52
156 420
156 271
156 268
156 139
156 104
155 731
155 371
155 363
155 329
155 307
155 289
155 283
155 201
155 186
155 179
155 129
155 127
155 105
155 103
154 704
154 670
154 621
154 535
154 419
154 4
154 386
154 339
154 114
153 87
15 381
15 374
153 70
153 644
153 594
153 388
153 369
153 342
153 319
153 273
15 32
1 532
153 183
153 164
153 130
15 311
152 775
152 654
152 600
152 5
152 436
152 400
152 388
152 36
152 359
152 275
152 235
15 220
152 189
152 141
152 112
152 103
1 52
151 76
151 696
151 688
151 638
151 602
151 559
15 148
151 473
151 391
151 245
15 124
151 222
150 87
150 750
150 644
150 607
150 556
150 543
150 542
150 537
150 460
150 397
150 374
150 337
150 201
150 155
150 149
150 128
150 101
149 79
149 647
149 579
149 488
149 482
149 43
149 344
149 181
149 174
149 129
149 105
148 682
148 647
148 60
148 477
148 313
148 271
148 257
148 187
148 132
147 691
147 619
147 579
147 485
147 48
147 432
147 365
147 361
147 34
147 297
147 289
147 285
147 267
147 240
147 199
146 707
146 698
146 570
146 540
146 518
146 215
146 174
146 159
146 154
145 697
145 644
145 619
145 483
145 413
145 342
145 329
145 317
145 316
145 30
145 218
144 612
144 573
144 494
144 458
144 452
144 448
144 267
144 230
144 219
144 200
143 751
143 72
143 571
143 563
143 511
143 510
143 439
143 377
143 376
143 344
143 3
143 23
143 156
14 281
142 773
142 733
142 714
142 693
142 596
142 573
142 537
142 507
142 445
142 433
142 412
142 324
142 235
1 422
142 15
142 111
14 194
14 191
141 764
141 725
141 680
141 654
141 642
141 629
141 621
141 611
14 159
14 155
141 421
141 366
141 36
141 355
141 348
141 340
141 305
141 237
141 174
141 161
140 85
140 709
140 589
140 51
140 509
140 473
140 400
140 269
140 249
140 228
140 17
140 144
140 129
139 648
139 554
139 441
139 383
138 737
138 667
138 661
138 660
138 642
138 638
138 624
138 576
138 570
138 482
138 243
138 125
137 750
137 734
137 577
137 487
137 469
137 410
136 759
136 720
136 70
136 59
136 545
136 458
136 421
13 64
136 244
13 623
136 227
136 198
135 89
135 722
135 670
135 618
135 574
13 555
135 540
135 539
135 537
135 535
135 48
135 464
135 385
135 332
135 279
13 525
135 215
13 500
134 477
134 416
134 317
134 207
134 19
1 34
133 645
133 634
133 58
133 570
133 473
133 315
133 271
133 113
133 109
133 107
13 295
132 92
132 88
1 327
132 617
132 591
132 568
132 530
132 280
132 220
132 154
132 129
132 127
131 95
131 9
131 83
131 749
131 734
131 70
131 552
131 49
13 146
131 386
131 356
131 306
13 128
131 207
131 166
131 156
130 713
130 592
130 549
130 539
130 532
130 431
130 429
130 36
130 320
130 266
1 299
129 650
129 536
129 511
129 48
129 456
129 372
129 368
129 321
129 302
129 275
129 265
129 140
129 125
129 119
128 79
128 773
128 773
128 767
128 560
128 50
128 368
128 343
128 281
128 281
128 280
128 203
128 198
128 173
127 98
127 729
127 616
127 613
12 757
127 475
127 461
127 412
127 382
127 373
127 351
12 726
127 138
127 115
126 82
12 665
126 609
126 510
126 455
126 283
12 603
125 664
125 645
125 628
125 584
125 581
125 577
125 556
125 506
125 374
125 353
125 321
125 306
125 195
125 181
125 10
124 705
124 651
124 588
12 453
124 512
124 503
124 419
124 299
12 416
124 100
12 409
12 407
123 765
123 637
123 625
123 583
123 543
123 474
123 351
123 317
123 290
123 282
123 273
123 251
123 216
123 210
123 204
123 148
123 125
122 775
122 768
122 726
122 67
122 63
122 506
122 503
122 451
12 224
122 215
12 19
12 184
12 180
121 8
121 739
121 733
121 638
121 434
121 314
121 191
120 719
1 207
120 69
120 647
120 591
120 590
120 562
120 553
120 38
120 343
120 320
120 291
120 289
120 288
120 240
120 222
120 171
120 17
119 83
119 730
119 722
119 659
119 607
119 533
119 507
119 465
119 446
119 424
119 423
119 415
119 40
119 241
119 23
119 22
119 210
118 8
118 746
118 709
118 63
118 625
118 622
118 593
118 575
118 503
118 501
118 448
118 381
118 28
118 213
118 183
11 8
117 662
117 570
117 509
117 486
117 434
117 291
117 118
116 93
116 699
116 687
116 648
116 646
11 661
116 535
11 651
116 45
116 279
116 245
116 111
11 601
115 722
115 68
11 559
115 557
115 507
115 290
115 234
114 748
114 748
114 639
114 612
114 55
114 549
114 433
114 412
114 206
11 387
113 745
113 74
113 575
113 54
113 464
113 461
113 456
113 430
113 408
113 370
113 369
113 364
113 34
113 307
113 202
113 178
113 177
112 731
112 643
112 613
112 585
112 549
112 545
112 534
112 511
112 425
112 274
112 262
112 191
11 187
111 437
111 432
111 318
111 197
110 759
110 686
110 668
110 587
110 553
110 527
110 473
110 388
110 351
110 238
110 222
110 213
110 206
110 206
109 765
109 660
109 562
109 56
109 480
109 312
10 93
109 178
109 175
108 594
108 552
108 534
108 526
108 518
108 490
108 477
108 419
108 377
108 35
108 314
108 308
108 181
108 121
107 99
107 763
107 759
107 745
107 724
107 54
107 472
107 425
107 395
107 375
107 330
107 271
107 233
107 169
107 101
10 698
10 669
106 677
106 645
106 597
106 574
106 539
106 526
106 472
10 644
106 430
10 636
106 303
106 175
106 174
10 596
105 87
105 766
105 690
105 680
105 650
10 563
105 624
105 620
105 564
105 37
105 350
105 325
105 298
105 250
105 24
10 478
104 733
104 726
104 623
104 590
104 553
104 51
104 504
104 465
104 401
104 398
104 352
104 210
10 396
103 95
103 79
103 726
103 709
103 603
103 564
103 44
103 342
10 320
102 82
102 768
102 703
102 632
102 631
102 611
102 557
102 538
102 452
102 439
102 402
102 329
102 262
102 238
102 134
10 205
10 202
101 768
101 725
101 673
10 155
101 541
101 501
101 499
101 498
101 469
101 462
101 424
101 322
101 242
101 23
10 119
101 106
100 724
100 702
100 510
100 401
100 331
100 323
100 31
100 265
100 206
100 161
100 111
1000 962
1000 921
1000 833
1000 817